-1991445607
2120987719
2014727147
-1774724487
1619278310
1910755386
-1951262753
-654062271
953252217
-2071617472
-1779124545
1958630023
1998950183
-302600726
-2044121155
1389468395
1839152520
1326877996
1232520013
-2016477140
1071365615
-1694572852
1822539593
1111187875
1971779897
1426757894
-1857363154
-1673695196
795221888
1671230588
1968499219
-572093509
-562215747
-1651261189
-1136960526
-1227696742
1680670409
-1708027292
954604677
1244510351
1795813063
1945368475
-1807330235
-829099980
-1219624205
1317998849
-710303926
-2067796241
1743094031
1918623459
1683894178
-1583855742
-729784248
1144126156
-1121989691
-135500665
1701064494
-1706259659
900731901
-1605825523
-1823759535
-2120504483
1804397326
-2044197790
-1601748945
-1599822127
1699247024
2138185157
2084082619
1902316647
-1341899721
-1991352081
-1521366172
-1302899530
-1739804433
1444873916
-1256896235
557865713
-1437588316
1646123605
-1721282808
-1356837116
1118657124
-842513096
489900392
-2056282480
-1710594808
-1599915331
-2109280832
1541861274
-210873880
-1573128146
1352139639
-1461003054
1815600924
1328848321
1643664975
-1848854162
-2058864351
-2137305124
1201453451
-1571215531
-2029145135
-771172145
748536313
1753205958
992178071
-1142930702
-830933371
-439997040
860426383
1771477191
-150502573
946711212
-1701199289
1669989126
-461810136
2025926988
2066680268
-721821364
-1356525105
1624765078
-2021203603
924702734
-1898314311
552854898
-502904071
1851247797
2103604660
-1902251292
995564004
628343477
-1319762074
1316811571
-1763688677
1559844156
-1785721104
2107153271
-1616332542
809932369
-776887025
1026647745
801426245
-1257968466
-831586337
-2132242184
-1570939358
1719250762
-1707976986
1652980541
-1592541986
-405690597
-1017515723
1747973160
2110733444
-1951364057
-1861267429
1422180090
-2040988045
1777490248
-1493301915
2103978255
1850981960
1345178139
-2075524804
-1819241376
493109009
-1917013041
-1123202525
-1434158430
1798114695
-938774062
-1903474859
1333151406
-2065800340
1347980953
-1260009029
-516336945
-1191535344
1842612510
2129597754
-558658809
1975788632
1732777135
-1940161683
-1341232801
2121909834
-1056513120
1694788985
-1852228581
-1382956648
1777457538
1415629997
-1153490506
1736658175
2096185370
-1384727529
1949011566
-1770933207
555663655
-1083333428
1777842606
-1628412013
1649349041
-1723449277
-1993766926
-1416158821
1429330051
1731394035
1736761808
1044188467
-1805337039
-1917660755
1463869584
-1612225319
-1645324946
-2049172707
1426763298
-638611675
-1637281458
-1318442178
-1191277923
1623989952
-1274008329
-1969763701
-1399394240
-1948125889
-2056957152
-1783152089
2009657079
-1862599201
-1604592675
1378804538
209761494
973460582
1396464003
1242973006
1459671532
775426139
-860934670
-1563581334
-1511608103
-1591024143
1561155712
1940046774
-2110304046
-1088540798
363992527
2062058063
1084707157
-916653268
-1950096969
1625369067
1491143474
-1990948944
-667704785
-1363430863
1775518782
-1960697941
-126505948
690453455
1483543264
885651656
-1317607690
1198026964
-1893587191
1650837000
1932559623
-1531134534
1279813186
1800154050
1506450109
-1189657260
1982770271
-1873394493
-458911176
-2011813297
-396796471
-901775094
787707944
-1193609303
1338845702
-439077969
1542110915
-1246770774
1966511363
-1211029422
-587483575
-998181825
-2065801049
-1035207151
-1909913695
-857636725
1280357444
-886207840
-1826542995
-713904130
572732459
1798995961
-406573361
2088273642
2065421561
-1997711798
-2052956037
1551557608
1607529784
1983431738
-875423319
1633748567
1829904295
1299565636
851874523
281720292
-1505081887
1419152361
839402856
-1654588340
-1159820994
1322031695
1360042893
-1557724083
1631439854
1261832085
1884184188
2073676690
-1161745354
-1435443529
-1083137306
1306049439
724816566
-783364793
547985512
2097204726
1182372913
-2064414052
1923979718
-1869063649
-1829086430
-1145991652
1483370223
1437456880
-336057530
1544731982
-1543771050
1533589605
737144410
535669868
1083728606
-2088416683
1632901988
1258876729
1013115692
-2025536456
1422126137
-1870535948
1700764183
1202353276
-1192007161
-1729840751
1749936495
-1474408165
437662646
1159224199
-1807630700
-1959007644
1606575246
1291302219
-1705129682
-1718468487
-1218769666
2081105708
-1209914389
694203815
847993281
1716796370
-2137188258
1942215441
1700751758
-1871060381
1532834851
707118330
-1834666052
418484936
1697011994
-1716573191
-1900527131
1062068243
-1295094331
-2080803441
1295905120
1788863231
454630052
-1594316334
1254533766
-743687203
-1382829926
1248810256
-1602840419
-1186161101
799934009
1401431699
-1295135312
1670382504
-2064317419
-2010542257
2142556789
-2097289107
-2125428733
-1808265818
1143534629
1379509642
-1396207964
-721274130
-501425342
1168230380
-632511191
1519425998
1568078428
1120940572
610175028
44032677
1770977039
1291443965
1611157491
-1656659655
957302567
1682786757
2007854341
1506997493
-1455830180
1323582917
1881367069
2042293155
1209951665
1470384968
1648108108
958136727
-2041080215
-1507657601
-1726038153
1888091718
2095106300
-2080084088
-1179326456
-1682880819
1597868704
-2089099088
-1995003421
2104245311
977850572
-1106868532
-2107814268
-1029371949
-354139877
1510706816
397373244
-1108533810
1398771915
1738147264
-1939860388
1876370504
-2096541613
-415320428
1901259616
-1940037490
-2045881947
-708837317
-1795035813
1324768162
1916764748
1959662444
1919221704
-1781505472
-1668766751
-1794641356
2048459574
2004784800
-2123904093
-1482205274
1510075401
-1513024057
-2027472237
713872123
-1450854984
-1934665486
2091945208
-1777642804
2127962612
-1793261206
-1015240692
1814411410
1098202124
2146738057
1864755351
-1545061409
-405979746
886711460
930434748
1351306517
1069831298
-2065318976
1054291079
2104345790
1345038366
-484809832
1970194983
2146747044
738646630
1897840368
1137386811
-1609619752
1506832465
2044759615
-1521853332
-725457530
-1171938839
-1712241746
-804057656
1086887270
2122125615
1005409795
566177701
1726402037
1727268654
1159130824
1942318919
-1232709767
-1933738514
939017433
1816830034
-1121303170
2121322298
-1894054935
1906655544
1213292536
305948653
984903321
-2094024041
-321066799
1460019735
688277391
-1374831713
-907714593
1504077516
1413033685
1765380175
-1697288363
1663385210
1355811042
-1556313134
1646311407
355710346
-1884368797
-1785331064
-1153941474
1232092546
1686011550
-1176115781
-1330703343
1003802264
-1587462305
-1921111075
1300975334
-2147067261
1574819928
-1527712851
-1926210028
635517232
754688756
2106790261
1931114205
-1797425416
-2004044700
277950270
-485262169
-2046854331
-1555765465
-1534207546
824359719
-1568651337
-1341701206
-1747115418
-847470344
1602645505
2088829647
1953899961
1501081990
-1459419686
1672253602
-1630975766
-1842016564
1125908102
-1637234017
1969502824
830030576
537938837
1468949211
751601487
-292852191
1551460816
-1371715880
1868004855
-1063486528
-1292921603
-1364007012
304862374
1895015182
1154424065
1097377426
-1735129075
-1830749293
-1954353847
-972302051
-1057637835
-865844435
-2023536284
807946163
-883873685
-773693306
1783295674
-1441996636
-1839591168
1547443114
-1979160488
-1816202704
-2005238568
-1557915867
-1476569242
-1686007924
-1757513455
1324426297
-1877972541
-455430084
1945787318
1887033374
804903876
-479506561
-431656631
-1475862904
-1562245956
-1941917719
-1257990446
-1699755620
-1247737202
-764193122
-1674477713
-556024115
1467518525
787145798
-1962836006
-2092239498
-816645407
-916706947
1476419877
1862777595
-2004069683
-1473403843
1113226505
1966510394
1226713099
1369984065
2109717177
-1640283756
-2136541140
-1000158490
822555631
-1000431184
-452398052
1125718245
1045889775
-1961179790
1644622323
-1472773591
751192515
1774237097
1564778469
-798832624
-1983543586
-1606819128
1264813821
-1902839164
-2104853475
-2131262370
-613552211
-1738942821
-1986947596
2044056241
-1789780552
484459889
-2059963946
-1517890762
1220735927
-1132414628
296901042
-2143613791
-624617698
-1482804962
-768672500
-615713241
-1611062840
1186616823
-1435511063
1096740036
1727401686
-1128337753
-769258216
1669414389
1913080158
-1182302788
-1862006677
-1906434001
1050978192
290852690
-1465952685
-1990093669
1543807163
1774743505
-1547608695
-1850597285
1674176082
1991057269
758102676
-567269634
-2143264443
-1750576935
-1928925278
-2110957943
-1595446765
-444859934
1477209736
1697470115
-448182905
1788476726
1889485028
936808509
-1994109807
-1851588248
2131358115
465309781
-666623997
-1853768101
-1720031028
1889117216
-2139485095
-2073730257
-1342057089
-589201110
-1792048659
-381308547
-1804040713
-2125138838
-804601704
-2064415235
1791966592
1903716437
-1986126958
-1080716589
-1557146583
-1110149744
-1368520508
-1505686419
-1660924603
-2091389991
1397527592
1369950406
1998611041
1539912595
-1208931532
2038820076
-1102582463
1474600611
1667175771
2039963938
1443830257
1207219607
-1711425949
-2026922349
2126148349
2066130907
-2057319243
1729224447
1886140802
-1512555138
1463460613
-892664152
1963749759
1167403730
584202874
2010411968
-1461047703
351216366
-1106720019
1841690852
2133015285
1146467025
967609271
1707819988
1847716399
-1025253816
2126793975
1401743138
-1920554438
1229272742
1991350785
-1188824286
-1272383724
1686726169
-1352846933
1852280300
-587737612
-1955702191
-1370636871
1358924054
-1001072858
-1849254570
-1464129952
1592749332
-840380638
1962539953
-1812049326
1859559165
-1923374021
1761261352
-1929974663
-1984241648
-1515205875
2010625484
1842899522
-2041041161
-1455405562
-530414535
1964894962
611378906
-853540894
1589347422
1219698678
1779079113
1240530359
-1432392523
-109820485
1026219398
524508465
-1688253467
1623846646
-1392170627
2142120938
-929664459
-1881794560
-1881221350
-1924346151
324621002
1316599648
-1828933974
-1996563137
-1780396836
-1591635354
1407210075
1361740563
-676249591
-1737030319
1609296508
1604891580
-1785024435
1132672663
2078021875
514208345
1968872972
-2043749878
-1940169961
-1693155097
-1806733232
-1210988574
1099794362
-1897155802
-1503032121
-431759914
-1911194203
351069065
-1465336930
881763672
-602681072
-1579880225
-962242531
1462328389
-1447856057
-1344500283
893449251
1957534636
659559257
-1946105380
1893325073
249639256
1987549345
-2046256821
1640331342
-1531578466
1755606553
-1836968074
-2124124067
-2093808735
-1170868998
-1216671989
-1288894652
1780095046
1681661175
-1530890190
1292735976
2120029746
1277905220
1245180374
-2145483274
78399146
2120724900
1430884120
-2082560065
2068104465
1571511889
-903193261
2079479981
-1465309069
-1319835793
-1621461995
1858207614
-1073394489
-2022378291
-1378137310
1503056370
-1559133946
-1717286457
-1653478181
824066709
2060619870
-1298415062
850049283
-1190963414
-630922042
-600300838
1121713332
799491579
-1758163222
-2094129308
-1124632741
2129301509
1381026834
-1684121150
2038642698
-1986155308
1948195787
1809837520
-1811596331
1906497438
948574617
-2102724996
-1576088947
-1813149683
1389961788
-1761615783
1420849681
235777391
402720620
-556369500
-1122211597
1940471545
1640674545
-1205936879
598899341
782390986
1003966332
-1510627878
-2127262794
1549975091
228636401
1048753373
-2137404049
2101154237
1490521909
2136020206
1215287017
-1713194649
-1643465641
-1971189116
2130755104
1479795103
937971367
1325104529
1253903120
-296075643
-1463658455
-1979530818
2080049775
-1006688940
927400540
2123505287
1218119008
-1889875659
-1308043630
2122324268
1581143361
-1671589880
1578105229
-1256052504
1562830758
-1567546438
1262103281
-2072939459
-1866297440
1718489748
-1130365368
1845223414
1405149448
-1814403822
-161176565
-2017797859
1711423118
-1810140184
-1443654425
1686124897
1899740418
-1710864550
1185946502
-2104729541
1199466319
900185052
-1165269372
-1703211886
1229262668
1494135710
903437102
-1952526746
-1700246601
-1377680813
774832709
2019599693
-819496138
-1118876987
2029804254
909103574
1376572264
-1934950260
2113310982
2042522841
1511456295
-338780025
1998803260
1548956076
1640044157
-1954982390
-2100357837
-1587704012
-2075791643
1567502262
-1156214400
1153135202
-1486409484
1686949901
-1431932505
1939001574
1263524934
-1571314847
1137651227
-1498774179
714742216
-1596074437
-695138658
177118877
-1124705687
1106470749
1994808480
1726732149
2118109752
2115033677
-1843436031
-1601857413
-747671220
1260745863
1982394155
-2128963754
-945306149
-2042799277
2037104721
2024747039
1008493081
-2019056641
1937698598
956768040
1367506422
1204935585
889050411
2131545733
1576424467
1883289788
-1113685054
1119930652
770957229
-1955351542
-1164697334
-1993570661
1574445247
-451091397
1569910133
1078313683
1278198480
-2145475202
1414936598
-1707928547
-425031830
121619158
-265656991
1537452718
382041312
1124506967
1607958616
1840570989
1335271440
-1428052983
789495586
-2007187420
-644119034
-90209229
1381306545
-1821948316
931219899
-1003239223
1443562374
1635570200
-807166769
1703583441
-1928113989
-2085464561
-1097754102
2028891071
2095025919
506603970
-1995222039
-1310476049
-1816601980
886608736
1603832449
1650598319
1513905786
-1510456468
-2078915434
-1563430766
1581160547
871867353
1944048879
1728623595
1309255594
-1830720771
-1322584348
-1179576262
1046194836
-1997558695
-756450270
1643287401
-1786814520
-1602657213
-1159751564
1842697602
646480246
2145631511
1146485731
-1233845880
-1426856331
-1057915799
1613381604
-1631663540
1175128643
1625365582
2095471677
-880036798
1877713371
817606726
1583547893
987995423
-1962563912
634822394
932183317
773530967
-861144264
1499302073
1925550666
-1698207334
-1144408225
981205868
-1858365281
2033157092
-946672743
-1016763754
-2124182824
-1132046869
578081505
-2052767871
-716709378
-418485574
1395730501
786472786
1027314391
2139570866
-1399605526
-2076425175
1264153996
2005287433
-877509799
-1151480528
-2146446574
-1601953712
-646139986
1066735912
-2042908145
2020952800
-1752357019
-1298761093
1809780008
-1396935781
1381488182
-1491810919
1682450945
34856418
-370594443
715656125
-1188484669
-2028269649
-1771063702
1822313953
1773726637
-1465863513
-2044840799
-1745023990
1750364896
-1317882941
-1206508794
-2011686414
-731568090
-1139451728
-1178099884
945089394
-290309480
-1331174651
-304855921
1147154623
1384286203
-1411485885
1937215287
1751880626
-832677973
1616113277
1915377091
1648256011
664477304
512937976
1577299593
-1060388396
353807163
-2043956138
1947702895
-831006202
-1219128799
-1920863815
-1141960063
1989293107
-1173820738
1201509810
1277875353
1892124648
1014029382
-1741733175
1556486508
1551203987
353801628
961015501
1724434773
-1275316613
1786355187
-1160837188
2039157072
1602074001
-352738817
1510804035
-1796365059
892335974
-585632741
-1333681855
